nvir_act delta_emp2 delta_eomipmpe ipe ipe+delta_eomipmpe delta_eomeampe eae eae+delta_eomeampe delta_eomeempe eee eee+delta_eomeempe
1 -0.263384 -0.022092 0.460978 0.438886 -0.650390 0.771052 0.120662 -0.404086 0.706623 0.302537
2 -0.234036 0.008853 0.433622 0.442475 -0.630324 0.752299 0.121975 -0.409169 0.712134 0.302966
3 -0.190363 0.003056 0.443591 0.446647 -0.613611 0.737447 0.123836 -0.439219 0.740648 0.301429
4 -0.154297 0.006856 0.440628 0.447484 -0.608395 0.731495 0.123101 -0.446199 0.746268 0.300069
5 -0.143284 0.008176 0.439530 0.447706 -0.603347 0.725897 0.122550 -0.439699 0.739924 0.300225
6 -0.129874 0.010056 0.437694 0.447750 -0.596836 0.719437 0.122601 -0.435613 0.735609 0.299995
7 -0.112412 0.005551 0.442648 0.448199 -0.595032 0.717591 0.122559 -0.437113 0.737376 0.300263
8 -0.097988 0.004400 0.444121 0.448521 -0.593667 0.716693 0.123026 -0.438104 0.738813 0.300709
9 -0.076180 0.000810 0.447820 0.448629 -0.592147 0.715962 0.123815 -0.442647 0.742777 0.300130
10 -0.070549 -0.000558 0.448421 0.447863 -0.585671 0.708835 0.123163 -0.437521 0.736911 0.299390
11 -0.063544 -0.000922 0.448751 0.447829 -0.469150 0.592931 0.123781 -0.326450 0.625108 0.298658
12 -0.055740 -0.000015 0.448617 0.448602 -0.466493 0.588367 0.121874 -0.325960 0.623440 0.297480
13 -0.049034 0.001143 0.448025 0.449168 -0.407799 0.529192 0.121393 -0.282740 0.579474 0.296734
14 -0.043653 -0.000941 0.449289 0.448349 -0.405323 0.526678 0.121355 -0.282875 0.578632 0.295757
15 -0.034074 -0.002882 0.449985 0.447103 -0.404302 0.524247 0.119945 -0.286545 0.579354 0.292809
16 -0.030700 -0.003105 0.450226 0.447121 -0.403315 0.523376 0.120061 -0.285533 0.578398 0.292865
17 -0.026025 -0.004717 0.451213 0.446496 -0.402116 0.522013 0.119898 -0.286019 0.578210 0.292191
18 -0.020549 -0.005702 0.451632 0.445930 -0.400696 0.520622 0.119925 -0.285931 0.577582 0.291652
19 -0.014431 -0.005978 0.451724 0.445746 -0.399744 0.519086 0.119342 -0.286474 0.577342 0.290867
20 -0.010849 -0.006789 0.452299 0.445510 -0.399555 0.518994 0.119439 -0.286856 0.577587 0.290731
21 -0.007355 -0.007027 0.452461 0.445434 -0.397158 0.516370 0.119212 -0.286832 0.577418 0.290585
22 -0.003615 -0.008196 0.453142 0.444946 -0.396805 0.516069 0.119264 -0.287641 0.577768 0.290126
23 0.002687 -0.008528 0.453196 0.444668 -0.395894 0.514789 0.118895 -0.287911 0.577627 0.289716
24 0.006633 -0.009365 0.453644 0.444279 -0.395665 0.514556 0.118892 -0.288595 0.577999 0.289404
25 0.010528 -0.010509 0.454234 0.443726 -0.395526 0.514462 0.118936 -0.289814 0.578768 0.288954
26 0.012543 -0.010689 0.454313 0.443624 -0.378398 0.497824 0.119425 -0.275457 0.564288 0.288831
27 0.014614 -0.011030 0.454464 0.443434 -0.377568 0.497130 0.119562 -0.275336 0.563913 0.288576
28 0.018241 -0.011242 0.454527 0.443284 -0.374883 0.493549 0.118667 -0.273652 0.561939 0.288287
29 0.019954 -0.011469 0.454675 0.443206 -0.371745 0.490425 0.118680 -0.271369 0.559476 0.288107
30 0.021508 -0.012017 0.455023 0.443006 -0.371282 0.490026 0.118744 -0.271643 0.559484 0.287841
31 0.023069 -0.011951 0.455036 0.443085 -0.328483 0.448118 0.119635 -0.237339 0.525053 0.287714
32 0.024760 -0.012548 0.455377 0.442830 -0.327633 0.447266 0.119633 -0.237331 0.524682 0.287351
33 0.025993 -0.012595 0.455440 0.442844 -0.327235 0.446835 0.119600 -0.237164 0.524457 0.287293
34 0.026955 -0.012716 0.455544 0.442829 -0.326925 0.446488 0.119563 -0.237060 0.524315 0.287255
35 0.027882 -0.012121 0.455363 0.443242 -0.284370 0.404391 0.120021 -0.211852 0.498839 0.286987
36 0.028732 -0.012402 0.455458 0.443056 -0.283687 0.403542 0.119855 -0.211661 0.498415 0.286754
37 0.029827 -0.012202 0.455384 0.443183 -0.283221 0.402832 0.119611 -0.211914 0.498379 0.286465
38 0.030752 -0.012499 0.455492 0.442994 -0.282915 0.402520 0.119605 -0.212003 0.498274 0.286271
39 0.031159 -0.012577 0.455605 0.443028 -0.282844 0.402455 0.119611 -0.212038 0.498322 0.286284
40 0.031651 -0.012385 0.455571 0.443186 -0.255693 0.375809 0.120116 -0.195150 0.481331 0.286181
41 0.032162 -0.012506 0.455673 0.443167 -0.255594 0.375725 0.120131 -0.195220 0.481359 0.286138
42 0.032744 -0.012420 0.455653 0.443232 -0.254765 0.374668 0.119903 -0.195013 0.481105 0.286092
43 0.033172 -0.012456 0.455676 0.443220 -0.245239 0.365346 0.120107 -0.186142 0.472250 0.286108
44 0.034018 -0.012468 0.455716 0.443248 -0.243964 0.363875 0.119911 -0.185619 0.471741 0.286122
45 0.034448 -0.012420 0.455713 0.443293 -0.243680 0.363485 0.119805 -0.185521 0.471628 0.286107
46 0.034744 -0.012420 0.455728 0.443308 -0.227439 0.347611 0.120173 -0.172581 0.458683 0.286101
47 0.034928 -0.012460 0.455759 0.443299 -0.227316 0.347505 0.120189 -0.172578 0.458656 0.286078
48 0.035093 -0.012501 0.455790 0.443289 -0.227187 0.347420 0.120233 -0.172565 0.458623 0.286059
49 0.035245 -0.012493 0.455798 0.443305 -0.226990 0.347208 0.120218 -0.172485 0.458536 0.286051
50 0.035382 -0.012496 0.455807 0.443311 -0.226718 0.346964 0.120246 -0.172305 0.458357 0.286052
51 0.035526 -0.012238 0.455764 0.443526 -0.181801 0.302743 0.120943 -0.150385 0.436191 0.285806
52 0.035609 -0.012179 0.455767 0.443589 -0.181387 0.301964 0.120577 -0.150296 0.436098 0.285802
53 0.000000 0.000000 0.455764 0.455764 0.000000 0.121781 0.121781 0.000000 0.298470 0.298470
