nvir_act ip_delta_emp2 delta_eomipmpe ipe ipe+delta_eomipmpe ea_delta_emp2 delta_eomeampe eae eae+delta_eomeampe ee_delta_emp2 delta_eomeempe eee eee+delta_eomeempe
1 -0.267954 -0.032094 0.476960 0.444866 -0.268430 -0.358503 0.482420 0.123917 -0.273571 -0.044052 0.342866 0.298813
2 -0.246413 -0.000170 0.450159 0.449990 -0.259562 -0.357316 0.480904 0.123588 -0.258878 -0.007130 0.309740 0.302610
3 -0.208780 0.023821 0.434586 0.458407 -0.248470 -0.349064 0.469359 0.120295 -0.233823 -0.006114 0.311744 0.305630
4 -0.182715 0.029114 0.430540 0.459654 -0.235699 -0.325839 0.445386 0.119546 -0.199712 0.000266 0.303571 0.303837
5 -0.174298 0.029596 0.430217 0.459814 -0.211275 -0.311942 0.428196 0.116254 -0.179090 0.006365 0.298203 0.304568
6 -0.158346 0.029526 0.431907 0.461432 -0.201062 -0.310650 0.426941 0.116292 -0.167730 0.006824 0.298458 0.305282
7 -0.141886 0.026648 0.434637 0.461284 -0.184609 -0.242358 0.359200 0.116842 -0.151215 0.012445 0.292581 0.305026
8 -0.139872 0.026523 0.434587 0.461110 -0.164506 -0.241282 0.358199 0.116917 -0.135152 0.011493 0.293269 0.304762
9 -0.134780 0.024398 0.435333 0.459731 -0.134903 -0.223562 0.340743 0.117182 -0.121321 0.011202 0.293616 0.304819
10 -0.130490 0.023402 0.436598 0.460000 -0.132161 -0.222829 0.339777 0.116948 -0.103295 0.009804 0.294293 0.304097
11 -0.128397 0.023190 0.436577 0.459767 -0.127505 -0.221801 0.338647 0.116845 -0.090715 0.007978 0.293330 0.301308
12 -0.124995 0.022495 0.437405 0.459900 -0.115955 -0.221770 0.337538 0.115768 -0.083148 0.008675 0.291286 0.299961
13 -0.115414 0.017167 0.441195 0.458362 -0.105195 -0.188332 0.304306 0.115974 -0.078553 0.007022 0.291965 0.298987
14 -0.109111 0.014148 0.442779 0.456927 -0.099689 -0.188161 0.304339 0.116178 -0.069877 0.009078 0.288521 0.297599
15 -0.106334 0.013138 0.443516 0.456654 -0.092335 -0.187939 0.303714 0.115776 -0.064292 0.006669 0.290176 0.296845
16 -0.102005 0.011470 0.444498 0.455968 -0.086537 -0.187509 0.303331 0.115822 -0.057734 0.005853 0.290355 0.296209
17 -0.099493 0.010457 0.444808 0.455265 -0.078508 -0.186473 0.302603 0.116130 -0.046803 -0.000006 0.292551 0.292546
18 -0.097922 0.009872 0.444960 0.454832 -0.072780 -0.186122 0.301954 0.115832 -0.040587 -0.000648 0.292660 0.292012
19 -0.089902 0.008387 0.445383 0.453770 -0.064613 -0.185025 0.301070 0.116044 -0.034458 -0.001098 0.292190 0.291092
20 -0.089591 0.008353 0.445426 0.453780 -0.059370 -0.184662 0.300980 0.116318 -0.031074 -0.001752 0.292633 0.290881
21 -0.088713 0.008050 0.445831 0.453881 -0.057434 -0.179774 0.296274 0.116501 -0.028083 -0.002292 0.293088 0.290796
22 -0.088328 0.007954 0.445948 0.453902 -0.053004 -0.179430 0.296032 0.116602 -0.025025 -0.002679 0.293349 0.290670
23 -0.087567 0.007813 0.446132 0.453945 -0.051050 -0.179160 0.295829 0.116669 -0.021877 -0.003436 0.293923 0.290487
24 -0.087064 0.007714 0.446194 0.453908 -0.043791 -0.166752 0.283931 0.117178 -0.017278 -0.005362 0.295524 0.290163
25 -0.085321 0.007186 0.446652 0.453838 -0.039336 -0.166404 0.283666 0.117263 -0.013521 -0.005810 0.295646 0.289835
26 -0.081281 0.006214 0.446824 0.453038 -0.037451 -0.165961 0.283270 0.117309 -0.009171 -0.006735 0.295959 0.289224
27 -0.080329 0.006005 0.446942 0.452948 -0.035293 -0.159388 0.276970 0.117581 -0.005752 -0.007243 0.295966 0.288723
28 -0.077566 0.005469 0.447413 0.452882 -0.033689 -0.159247 0.276874 0.117627 -0.002238 -0.007654 0.295917 0.288264
29 -0.073448 0.004454 0.447855 0.452309 -0.033288 -0.159165 0.276805 0.117640 0.004830 -0.008288 0.295598 0.287310
30 -0.070946 0.003977 0.448086 0.452063 -0.031140 -0.158993 0.276703 0.117711 0.009015 -0.008747 0.295577 0.286829
31 -0.067195 0.003260 0.448712 0.451973 -0.025541 -0.156624 0.274435 0.117812 0.012636 -0.010442 0.296429 0.285986
32 -0.062865 0.002287 0.449431 0.451718 -0.023687 -0.156443 0.274330 0.117887 0.016469 -0.010974 0.296501 0.285527
33 -0.060720 0.001876 0.449670 0.451546 -0.022369 -0.156332 0.274303 0.117971 0.019734 -0.012417 0.297025 0.284608
34 -0.058005 0.001369 0.450056 0.451425 -0.020939 -0.156241 0.274268 0.118027 0.022320 -0.012644 0.297032 0.284388
35 -0.055283 0.000877 0.450195 0.451072 -0.018342 -0.156134 0.274239 0.118104 0.025008 -0.012997 0.297053 0.284056
36 -0.053860 0.000629 0.450275 0.450905 -0.015614 -0.155996 0.274178 0.118181 0.026587 -0.013574 0.297278 0.283704
37 -0.048743 -0.000185 0.450421 0.450235 -0.013935 -0.155752 0.274024 0.118272 0.027827 -0.013948 0.297487 0.283540
38 -0.047570 -0.000313 0.450493 0.450180 -0.010390 -0.155426 0.273771 0.118345 0.030179 -0.014528 0.297564 0.283036
39 -0.043973 -0.001019 0.450705 0.449686 -0.007692 -0.155278 0.273692 0.118415 0.032124 -0.015303 0.297801 0.282498
40 -0.042783 -0.001260 0.450883 0.449623 -0.007276 -0.155225 0.273666 0.118442 0.033282 -0.015648 0.297998 0.282350
41 -0.039806 -0.001825 0.451109 0.449284 -0.006295 -0.153853 0.272389 0.118536 0.034227 -0.015699 0.298025 0.282327
42 -0.038146 -0.002138 0.451353 0.449215 -0.005243 -0.153770 0.272344 0.118574 0.034998 -0.015799 0.298076 0.282277
43 -0.035010 -0.002752 0.451648 0.448895 -0.003153 -0.152681 0.271313 0.118632 0.035685 -0.015888 0.298083 0.282194
44 -0.032271 -0.003132 0.451881 0.448749 -0.002413 -0.152623 0.271293 0.118670 0.036262 -0.016035 0.298186 0.282151
45 -0.025175 -0.004083 0.453546 0.449464 0.001998 -0.144406 0.263300 0.118894 0.037307 -0.016139 0.298184 0.282045
46 -0.022490 -0.004424 0.453863 0.449440 0.003061 -0.144282 0.263196 0.118914 0.040060 -0.016284 0.298270 0.281986
47 -0.019653 -0.004864 0.454399 0.449535 0.004379 -0.144055 0.263048 0.118993 0.040599 -0.016322 0.298262 0.281939
48 -0.014105 -0.005640 0.454799 0.449158 0.006597 -0.143851 0.262930 0.119079 0.041644 -0.016372 0.298257 0.281886
49 -0.012057 -0.005844 0.455038 0.449195 0.009698 -0.143178 0.262379 0.119200 0.042242 -0.016571 0.298359 0.281788
50 -0.004863 -0.007195 0.455360 0.448165 0.014017 -0.137714 0.257207 0.119493 0.042798 -0.016750 0.298431 0.281681
51 -0.002052 -0.007599 0.455610 0.448011 0.015475 -0.016509 0.137795 0.121286 0.043379 -0.016790 0.298439 0.281648
52 0.002669 -0.008282 0.455862 0.447579 0.026835 -0.000902 0.122289 0.121387 0.044289 -0.016844 0.298453 0.281609
53 0.000000 0.000000 0.455764 0.455764 0.000000 0.000000 0.121781 0.121781 0.000000 0.000000 0.298470 0.298470
